New Task
New Task 
mean =  0.00591366959578
sd =  0.0232884868786
median =  3.09999999999e-05
variance =  0.000542353621096
max =  0.310432
min =  9.99999997475e-07
75th percentile =  8.1999999999e-05
New Task
New Task 
mean =  0.00231514035088
sd =  0.00767917554154
median =  3.6999999999e-05
variance =  5.89697369979e-05
max =  0.044966
min =  1.00000000458e-06
75th percentile =  4.40000000026e-05
New Task
New Task 
mean =  0.00538880088496
sd =  0.0215089887674
median =  3.39999999994e-05
variance =  0.000462636597797
max =  0.258378
min =  1.99999999495e-06
75th percentile =  0.0001015
